(kicad_pcb (version 20171130) (host pcbnew "(5.1.0)-1")

  (general
    (thickness 1.6)
    (drawings 0)
    (tracks 0)
    (zones 0)
    (modules 110)
    (nets 95)
  )

  (page A4)
  (layers
    (0 F.Cu signal)
    (31 B.Cu signal)
    (32 B.Adhes user)
    (33 F.Adhes user)
    (34 B.Paste user)
    (35 F.Paste user)
    (36 B.SilkS user)
    (37 F.SilkS user)
    (38 B.Mask user)
    (39 F.Mask user)
    (40 Dwgs.User user)
    (41 Cmts.User user)
    (42 Eco1.User user)
    (43 Eco2.User user)
    (44 Edge.Cuts user)
    (45 Margin user)
    (46 B.CrtYd user)
    (47 F.CrtYd user)
    (48 B.Fab user)
    (49 F.Fab user)
  )

  (setup
    (last_trace_width 0.25)
    (user_trace_width 5)
    (trace_clearance 0.2)
    (zone_clearance 0.508)
    (zone_45_only no)
    (trace_min 0.2)
    (via_size 0.8)
    (via_drill 0.4)
    (via_min_size 0.4)
    (via_min_drill 0.3)
    (uvia_size 0.3)
    (uvia_drill 0.1)
    (uvias_allowed no)
    (uvia_min_size 0.2)
    (uvia_min_drill 0.1)
    (edge_width 0.05)
    (segment_width 0.2)
    (pcb_text_width 0.3)
    (pcb_text_size 1.5 1.5)
    (mod_edge_width 0.12)
    (mod_text_size 1 1)
    (mod_text_width 0.15)
    (pad_size 1.524 1.524)
    (pad_drill 0.762)
    (pad_to_mask_clearance 0.051)
    (solder_mask_min_width 0.25)
    (aux_axis_origin 0 0)
    (visible_elements FFFFF77F)
    (pcbplotparams
      (layerselection 0x010fc_ffffffff)
      (usegerberextensions false)
      (usegerberattributes false)
      (usegerberadvancedattributes false)
      (creategerberjobfile false)
      (excludeedgelayer true)
      (linewidth 0.100000)
      (plotframeref false)
      (viasonmask false)
      (mode 1)
      (useauxorigin false)
      (hpglpennumber 1)
      (hpglpenspeed 20)
      (hpglpendiameter 15.000000)
      (psnegative false)
      (psa4output false)
      (plotreference true)
      (plotvalue true)
      (plotinvisibletext false)
      (padsonsilk false)
      (subtractmaskfromsilk false)
      (outputformat 1)
      (mirror false)
      (drillshape 1)
      (scaleselection 1)
      (outputdirectory ""))
  )

  (net 0 "")
  (net 1 "Net-(C1-Pad2)")
  (net 2 "Net-(C1-Pad1)")
  (net 3 "Net-(C2-Pad1)")
  (net 4 +5V)
  (net 5 VCC)
  (net 6 "Net-(C8-Pad2)")
  (net 7 "Net-(D1-Pad2)")
  (net 8 /row0)
  (net 9 "Net-(D2-Pad2)")
  (net 10 "Net-(D3-Pad2)")
  (net 11 "Net-(D4-Pad2)")
  (net 12 "Net-(D5-Pad2)")
  (net 13 "Net-(D6-Pad2)")
  (net 14 "Net-(D7-Pad2)")
  (net 15 "Net-(D8-Pad2)")
  (net 16 "Net-(D9-Pad2)")
  (net 17 "Net-(D10-Pad2)")
  (net 18 "Net-(D11-Pad2)")
  (net 19 "Net-(D12-Pad2)")
  (net 20 "Net-(D13-Pad2)")
  (net 21 /row1)
  (net 22 "Net-(D14-Pad2)")
  (net 23 "Net-(D15-Pad2)")
  (net 24 "Net-(D16-Pad2)")
  (net 25 "Net-(D17-Pad2)")
  (net 26 "Net-(D18-Pad2)")
  (net 27 "Net-(D19-Pad2)")
  (net 28 "Net-(D20-Pad2)")
  (net 29 "Net-(D21-Pad2)")
  (net 30 "Net-(D22-Pad2)")
  (net 31 "Net-(D23-Pad2)")
  (net 32 "Net-(D24-Pad2)")
  (net 33 "Net-(D25-Pad2)")
  (net 34 /row2)
  (net 35 "Net-(D26-Pad2)")
  (net 36 "Net-(D27-Pad2)")
  (net 37 "Net-(D28-Pad2)")
  (net 38 "Net-(D29-Pad2)")
  (net 39 "Net-(D30-Pad2)")
  (net 40 "Net-(D31-Pad2)")
  (net 41 "Net-(D32-Pad2)")
  (net 42 "Net-(D33-Pad2)")
  (net 43 "Net-(D34-Pad2)")
  (net 44 "Net-(D35-Pad2)")
  (net 45 "Net-(D36-Pad2)")
  (net 46 "Net-(D37-Pad2)")
  (net 47 /row3)
  (net 48 "Net-(D38-Pad2)")
  (net 49 "Net-(D39-Pad2)")
  (net 50 "Net-(D40-Pad2)")
  (net 51 "Net-(D41-Pad2)")
  (net 52 "Net-(D42-Pad2)")
  (net 53 "Net-(D43-Pad2)")
  (net 54 "Net-(D44-Pad2)")
  (net 55 "Net-(D45-Pad2)")
  (net 56 "Net-(D46-Pad2)")
  (net 57 "Net-(D47-Pad2)")
  (net 58 "Net-(J1-PadB5)")
  (net 59 "Net-(J1-PadA6)")
  (net 60 "Net-(J1-PadA7)")
  (net 61 "Net-(J1-PadB8)")
  (net 62 "Net-(J1-PadA8)")
  (net 63 "Net-(J1-PadA5)")
  (net 64 /col0)
  (net 65 /col1)
  (net 66 /col2)
  (net 67 /col3)
  (net 68 /col4)
  (net 69 /col5)
  (net 70 /col6)
  (net 71 /col7)
  (net 72 /col8)
  (net 73 /col9)
  (net 74 /col10)
  (net 75 /col11)
  (net 76 "Net-(K25-Pad1)")
  (net 77 "Net-(K26-Pad1)")
  (net 78 "Net-(R1-Pad1)")
  (net 79 "Net-(R2-Pad2)")
  (net 80 "Net-(R3-Pad1)")
  (net 81 "Net-(R4-Pad1)")
  (net 82 "Net-(U1-Pad1)")
  (net 83 "Net-(U1-Pad7)")
  (net 84 "Net-(U1-Pad8)")
  (net 85 "Net-(U1-Pad9)")
  (net 86 "Net-(U1-Pad10)")
  (net 87 "Net-(U1-Pad11)")
  (net 88 "Net-(U1-Pad12)")
  (net 89 "Net-(U1-Pad14)")
  (net 90 "Net-(U1-Pad15)")
  (net 91 "Net-(U1-Pad22)")
  (net 92 "Net-(U1-Pad36)")
  (net 93 "Net-(U1-Pad37)")
  (net 94 "Net-(U1-Pad42)")

  (net_class Default "This is the default net class."
    (clearance 0.2)
    (trace_width 0.25)
    (via_dia 0.8)
    (via_drill 0.4)
    (uvia_dia 0.3)
    (uvia_drill 0.1)
    (add_net +5V)
    (add_net /col0)
    (add_net /col1)
    (add_net /col10)
    (add_net /col11)
    (add_net /col2)
    (add_net /col3)
    (add_net /col4)
    (add_net /col5)
    (add_net /col6)
    (add_net /col7)
    (add_net /col8)
    (add_net /col9)
    (add_net /row0)
    (add_net /row1)
    (add_net /row2)
    (add_net /row3)
    (add_net "Net-(C1-Pad1)")
    (add_net "Net-(C1-Pad2)")
    (add_net "Net-(C2-Pad1)")
    (add_net "Net-(C8-Pad2)")
    (add_net "Net-(D1-Pad2)")
    (add_net "Net-(D10-Pad2)")
    (add_net "Net-(D11-Pad2)")
    (add_net "Net-(D12-Pad2)")
    (add_net "Net-(D13-Pad2)")
    (add_net "Net-(D14-Pad2)")
    (add_net "Net-(D15-Pad2)")
    (add_net "Net-(D16-Pad2)")
    (add_net "Net-(D17-Pad2)")
    (add_net "Net-(D18-Pad2)")
    (add_net "Net-(D19-Pad2)")
    (add_net "Net-(D2-Pad2)")
    (add_net "Net-(D20-Pad2)")
    (add_net "Net-(D21-Pad2)")
    (add_net "Net-(D22-Pad2)")
    (add_net "Net-(D23-Pad2)")
    (add_net "Net-(D24-Pad2)")
    (add_net "Net-(D25-Pad2)")
    (add_net "Net-(D26-Pad2)")
    (add_net "Net-(D27-Pad2)")
    (add_net "Net-(D28-Pad2)")
    (add_net "Net-(D29-Pad2)")
    (add_net "Net-(D3-Pad2)")
    (add_net "Net-(D30-Pad2)")
    (add_net "Net-(D31-Pad2)")
    (add_net "Net-(D32-Pad2)")
    (add_net "Net-(D33-Pad2)")
    (add_net "Net-(D34-Pad2)")
    (add_net "Net-(D35-Pad2)")
    (add_net "Net-(D36-Pad2)")
    (add_net "Net-(D37-Pad2)")
    (add_net "Net-(D38-Pad2)")
    (add_net "Net-(D39-Pad2)")
    (add_net "Net-(D4-Pad2)")
    (add_net "Net-(D40-Pad2)")
    (add_net "Net-(D41-Pad2)")
    (add_net "Net-(D42-Pad2)")
    (add_net "Net-(D43-Pad2)")
    (add_net "Net-(D44-Pad2)")
    (add_net "Net-(D45-Pad2)")
    (add_net "Net-(D46-Pad2)")
    (add_net "Net-(D47-Pad2)")
    (add_net "Net-(D5-Pad2)")
    (add_net "Net-(D6-Pad2)")
    (add_net "Net-(D7-Pad2)")
    (add_net "Net-(D8-Pad2)")
    (add_net "Net-(D9-Pad2)")
    (add_net "Net-(J1-PadA5)")
    (add_net "Net-(J1-PadA6)")
    (add_net "Net-(J1-PadA7)")
    (add_net "Net-(J1-PadA8)")
    (add_net "Net-(J1-PadB5)")
    (add_net "Net-(J1-PadB8)")
    (add_net "Net-(K25-Pad1)")
    (add_net "Net-(K26-Pad1)")
    (add_net "Net-(R1-Pad1)")
    (add_net "Net-(R2-Pad2)")
    (add_net "Net-(R3-Pad1)")
    (add_net "Net-(R4-Pad1)")
    (add_net "Net-(U1-Pad1)")
    (add_net "Net-(U1-Pad10)")
    (add_net "Net-(U1-Pad11)")
    (add_net "Net-(U1-Pad12)")
    (add_net "Net-(U1-Pad14)")
    (add_net "Net-(U1-Pad15)")
    (add_net "Net-(U1-Pad22)")
    (add_net "Net-(U1-Pad36)")
    (add_net "Net-(U1-Pad37)")
    (add_net "Net-(U1-Pad42)")
    (add_net "Net-(U1-Pad7)")
    (add_net "Net-(U1-Pad8)")
    (add_net "Net-(U1-Pad9)")
    (add_net VCC)
  )

  (module Capacitor_SMD:C_0805_2012Metric (layer F.Cu) (tedit 5B36C52B) (tstamp 5F47C3BD)
    (at 193.206251 154.931251)
    (descr "Capacitor SMD 0805 (2012 Metric), square (rectangular) end terminal, IPC_7351 nominal, (Body size source: https://docs.google.com/spreadsheets/d/1BsfQQcO9C6DZCsRaXUlFlo91Tg2WpOkGARC1WS5S8t0/edit?usp=sharing), generated with kicad-footprint-generator")
    (tags capacitor)
    (path /5F473FBD)
    (attr smd)
    (fp_text reference C1 (at 0 -1.65) (layer F.SilkS)
      (effects (font (size 1 1) (thickness 0.15)))
    )
    (fp_text value 22pF (at 0 1.65) (layer F.Fab)
      (effects (font (size 1 1) (thickness 0.15)))
    )
    (fp_text user %R (at 0 0) (layer F.Fab)
      (effects (font (size 0.5 0.5) (thickness 0.08)))
    )
    (fp_line (start 1.68 0.95) (end -1.68 0.95) (layer F.CrtYd) (width 0.05))
    (fp_line (start 1.68 -0.95) (end 1.68 0.95) (layer F.CrtYd) (width 0.05))
    (fp_line (start -1.68 -0.95) (end 1.68 -0.95) (layer F.CrtYd) (width 0.05))
    (fp_line (start -1.68 0.95) (end -1.68 -0.95) (layer F.CrtYd) (width 0.05))
    (fp_line (start -0.258578 0.71) (end 0.258578 0.71) (layer F.SilkS) (width 0.12))
    (fp_line (start -0.258578 -0.71) (end 0.258578 -0.71) (layer F.SilkS) (width 0.12))
    (fp_line (start 1 0.6) (end -1 0.6) (layer F.Fab) (width 0.1))
    (fp_line (start 1 -0.6) (end 1 0.6) (layer F.Fab) (width 0.1))
    (fp_line (start -1 -0.6) (end 1 -0.6) (layer F.Fab) (width 0.1))
    (fp_line (start -1 0.6) (end -1 -0.6) (layer F.Fab) (width 0.1))
    (pad 2 smd roundrect (at 0.9375 0) (size 0.975 1.4) (layers F.Cu F.Paste F.Mask) (roundrect_rratio 0.25)
      (net 1 "Net-(C1-Pad2)"))
    (pad 1 smd roundrect (at -0.9375 0) (size 0.975 1.4) (layers F.Cu F.Paste F.Mask) (roundrect_rratio 0.25)
      (net 2 "Net-(C1-Pad1)"))
    (model ${KISYS3DMOD}/Capacitor_SMD.3dshapes/C_0805_2012Metric.wrl
      (at (xyz 0 0 0))
      (scale (xyz 1 1 1))
      (rotate (xyz 0 0 0))
    )
  )

  (module Capacitor_SMD:C_0805_2012Metric (layer F.Cu) (tedit 5B36C52B) (tstamp 5F47C3CE)
    (at 193.206251 148.011251)
    (descr "Capacitor SMD 0805 (2012 Metric), square (rectangular) end terminal, IPC_7351 nominal, (Body size source: https://docs.google.com/spreadsheets/d/1BsfQQcO9C6DZCsRaXUlFlo91Tg2WpOkGARC1WS5S8t0/edit?usp=sharing), generated with kicad-footprint-generator")
    (tags capacitor)
    (path /5F474D9E)
    (attr smd)
    (fp_text reference C2 (at 0 -1.65) (layer F.SilkS)
      (effects (font (size 1 1) (thickness 0.15)))
    )
    (fp_text value 22pF (at 0 1.65) (layer F.Fab)
      (effects (font (size 1 1) (thickness 0.15)))
    )
    (fp_line (start -1 0.6) (end -1 -0.6) (layer F.Fab) (width 0.1))
    (fp_line (start -1 -0.6) (end 1 -0.6) (layer F.Fab) (width 0.1))
    (fp_line (start 1 -0.6) (end 1 0.6) (layer F.Fab) (width 0.1))
    (fp_line (start 1 0.6) (end -1 0.6) (layer F.Fab) (width 0.1))
    (fp_line (start -0.258578 -0.71) (end 0.258578 -0.71) (layer F.SilkS) (width 0.12))
    (fp_line (start -0.258578 0.71) (end 0.258578 0.71) (layer F.SilkS) (width 0.12))
    (fp_line (start -1.68 0.95) (end -1.68 -0.95) (layer F.CrtYd) (width 0.05))
    (fp_line (start -1.68 -0.95) (end 1.68 -0.95) (layer F.CrtYd) (width 0.05))
    (fp_line (start 1.68 -0.95) (end 1.68 0.95) (layer F.CrtYd) (width 0.05))
    (fp_line (start 1.68 0.95) (end -1.68 0.95) (layer F.CrtYd) (width 0.05))
    (fp_text user %R (at 0 0) (layer F.Fab)
      (effects (font (size 0.5 0.5) (thickness 0.08)))
    )
    (pad 1 smd roundrect (at -0.9375 0) (size 0.975 1.4) (layers F.Cu F.Paste F.Mask) (roundrect_rratio 0.25)
      (net 3 "Net-(C2-Pad1)"))
    (pad 2 smd roundrect (at 0.9375 0) (size 0.975 1.4) (layers F.Cu F.Paste F.Mask) (roundrect_rratio 0.25)
      (net 1 "Net-(C1-Pad2)"))
    (model ${KISYS3DMOD}/Capacitor_SMD.3dshapes/C_0805_2012Metric.wrl
      (at (xyz 0 0 0))
      (scale (xyz 1 1 1))
      (rotate (xyz 0 0 0))
    )
  )

  (module Capacitor_SMD:C_0805_2012Metric (layer F.Cu) (tedit 5B36C52B) (tstamp 5F47C3DF)
    (at 197.616251 148.011251)
    (descr "Capacitor SMD 0805 (2012 Metric), square (rectangular) end terminal, IPC_7351 nominal, (Body size source: https://docs.google.com/spreadsheets/d/1BsfQQcO9C6DZCsRaXUlFlo91Tg2WpOkGARC1WS5S8t0/edit?usp=sharing), generated with kicad-footprint-generator")
    (tags capacitor)
    (path /5F48E739)
    (attr smd)
    (fp_text reference C3 (at 0 -1.65) (layer F.SilkS)
      (effects (font (size 1 1) (thickness 0.15)))
    )
    (fp_text value 0.1uF (at 0 1.65) (layer F.Fab)
      (effects (font (size 1 1) (thickness 0.15)))
    )
    (fp_text user %R (at 0 0) (layer F.Fab)
      (effects (font (size 0.5 0.5) (thickness 0.08)))
    )
    (fp_line (start 1.68 0.95) (end -1.68 0.95) (layer F.CrtYd) (width 0.05))
    (fp_line (start 1.68 -0.95) (end 1.68 0.95) (layer F.CrtYd) (width 0.05))
    (fp_line (start -1.68 -0.95) (end 1.68 -0.95) (layer F.CrtYd) (width 0.05))
    (fp_line (start -1.68 0.95) (end -1.68 -0.95) (layer F.CrtYd) (width 0.05))
    (fp_line (start -0.258578 0.71) (end 0.258578 0.71) (layer F.SilkS) (width 0.12))
    (fp_line (start -0.258578 -0.71) (end 0.258578 -0.71) (layer F.SilkS) (width 0.12))
    (fp_line (start 1 0.6) (end -1 0.6) (layer F.Fab) (width 0.1))
    (fp_line (start 1 -0.6) (end 1 0.6) (layer F.Fab) (width 0.1))
    (fp_line (start -1 -0.6) (end 1 -0.6) (layer F.Fab) (width 0.1))
    (fp_line (start -1 0.6) (end -1 -0.6) (layer F.Fab) (width 0.1))
    (pad 2 smd roundrect (at 0.9375 0) (size 0.975 1.4) (layers F.Cu F.Paste F.Mask) (roundrect_rratio 0.25)
      (net 4 +5V))
    (pad 1 smd roundrect (at -0.9375 0) (size 0.975 1.4) (layers F.Cu F.Paste F.Mask) (roundrect_rratio 0.25)
      (net 5 VCC))
    (model ${KISYS3DMOD}/Capacitor_SMD.3dshapes/C_0805_2012Metric.wrl
      (at (xyz 0 0 0))
      (scale (xyz 1 1 1))
      (rotate (xyz 0 0 0))
    )
  )

  (module Capacitor_SMD:C_0805_2012Metric (layer F.Cu) (tedit 5B36C52B) (tstamp 5F47C3F0)
    (at 197.616251 154.931251)
    (descr "Capacitor SMD 0805 (2012 Metric), square (rectangular) end terminal, IPC_7351 nominal, (Body size source: https://docs.google.com/spreadsheets/d/1BsfQQcO9C6DZCsRaXUlFlo91Tg2WpOkGARC1WS5S8t0/edit?usp=sharing), generated with kicad-footprint-generator")
    (tags capacitor)
    (path /5F48F587)
    (attr smd)
    (fp_text reference C4 (at 0 -1.65) (layer F.SilkS)
      (effects (font (size 1 1) (thickness 0.15)))
    )
    (fp_text value 0.1uF (at 0 1.65) (layer F.Fab)
      (effects (font (size 1 1) (thickness 0.15)))
    )
    (fp_line (start -1 0.6) (end -1 -0.6) (layer F.Fab) (width 0.1))
    (fp_line (start -1 -0.6) (end 1 -0.6) (layer F.Fab) (width 0.1))
    (fp_line (start 1 -0.6) (end 1 0.6) (layer F.Fab) (width 0.1))
    (fp_line (start 1 0.6) (end -1 0.6) (layer F.Fab) (width 0.1))
    (fp_line (start -0.258578 -0.71) (end 0.258578 -0.71) (layer F.SilkS) (width 0.12))
    (fp_line (start -0.258578 0.71) (end 0.258578 0.71) (layer F.SilkS) (width 0.12))
    (fp_line (start -1.68 0.95) (end -1.68 -0.95) (layer F.CrtYd) (width 0.05))
    (fp_line (start -1.68 -0.95) (end 1.68 -0.95) (layer F.CrtYd) (width 0.05))
    (fp_line (start 1.68 -0.95) (end 1.68 0.95) (layer F.CrtYd) (width 0.05))
    (fp_line (start 1.68 0.95) (end -1.68 0.95) (layer F.CrtYd) (width 0.05))
    (fp_text user %R (at 0 0) (layer F.Fab)
      (effects (font (size 0.5 0.5) (thickness 0.08)))
    )
    (pad 1 smd roundrect (at -0.9375 0) (size 0.975 1.4) (layers F.Cu F.Paste F.Mask) (roundrect_rratio 0.25)
      (net 5 VCC))
    (pad 2 smd roundrect (at 0.9375 0) (size 0.975 1.4) (layers F.Cu F.Paste F.Mask) (roundrect_rratio 0.25)
      (net 4 +5V))
    (model ${KISYS3DMOD}/Capacitor_SMD.3dshapes/C_0805_2012Metric.wrl
      (at (xyz 0 0 0))
      (scale (xyz 1 1 1))
      (rotate (xyz 0 0 0))
    )
  )

  (module Capacitor_SMD:C_0805_2012Metric (layer F.Cu) (tedit 5B36C52B) (tstamp 5F47C401)
    (at 153.176251 211.431251)
    (descr "Capacitor SMD 0805 (2012 Metric), square (rectangular) end terminal, IPC_7351 nominal, (Body size source: https://docs.google.com/spreadsheets/d/1BsfQQcO9C6DZCsRaXUlFlo91Tg2WpOkGARC1WS5S8t0/edit?usp=sharing), generated with kicad-footprint-generator")
    (tags capacitor)
    (path /5F48F9E6)
    (attr smd)
    (fp_text reference C5 (at 0 -1.65) (layer F.SilkS)
      (effects (font (size 1 1) (thickness 0.15)))
    )
    (fp_text value 0.1uF (at 0 1.65) (layer F.Fab)
      (effects (font (size 1 1) (thickness 0.15)))
    )
    (fp_text user %R (at 0 0) (layer F.Fab)
      (effects (font (size 0.5 0.5) (thickness 0.08)))
    )
    (fp_line (start 1.68 0.95) (end -1.68 0.95) (layer F.CrtYd) (width 0.05))
    (fp_line (start 1.68 -0.95) (end 1.68 0.95) (layer F.CrtYd) (width 0.05))
    (fp_line (start -1.68 -0.95) (end 1.68 -0.95) (layer F.CrtYd) (width 0.05))
    (fp_line (start -1.68 0.95) (end -1.68 -0.95) (layer F.CrtYd) (width 0.05))
    (fp_line (start -0.258578 0.71) (end 0.258578 0.71) (layer F.SilkS) (width 0.12))
    (fp_line (start -0.258578 -0.71) (end 0.258578 -0.71) (layer F.SilkS) (width 0.12))
    (fp_line (start 1 0.6) (end -1 0.6) (layer F.Fab) (width 0.1))
    (fp_line (start 1 -0.6) (end 1 0.6) (layer F.Fab) (width 0.1))
    (fp_line (start -1 -0.6) (end 1 -0.6) (layer F.Fab) (width 0.1))
    (fp_line (start -1 0.6) (end -1 -0.6) (layer F.Fab) (width 0.1))
    (pad 2 smd roundrect (at 0.9375 0) (size 0.975 1.4) (layers F.Cu F.Paste F.Mask) (roundrect_rratio 0.25)
      (net 4 +5V))
    (pad 1 smd roundrect (at -0.9375 0) (size 0.975 1.4) (layers F.Cu F.Paste F.Mask) (roundrect_rratio 0.25)
      (net 5 VCC))
    (model ${KISYS3DMOD}/Capacitor_SMD.3dshapes/C_0805_2012Metric.wrl
      (at (xyz 0 0 0))
      (scale (xyz 1 1 1))
      (rotate (xyz 0 0 0))
    )
  )

  (module Capacitor_SMD:C_0805_2012Metric (layer F.Cu) (tedit 5B36C52B) (tstamp 5F47C412)
    (at 173.116251 190.731251)
    (descr "Capacitor SMD 0805 (2012 Metric), square (rectangular) end terminal, IPC_7351 nominal, (Body size source: https://docs.google.com/spreadsheets/d/1BsfQQcO9C6DZCsRaXUlFlo91Tg2WpOkGARC1WS5S8t0/edit?usp=sharing), generated with kicad-footprint-generator")
    (tags capacitor)
    (path /5F48FCEA)
    (attr smd)
    (fp_text reference C6 (at 0 -1.65) (layer F.SilkS)
      (effects (font (size 1 1) (thickness 0.15)))
    )
    (fp_text value 0.1uF (at 0 1.65) (layer F.Fab)
      (effects (font (size 1 1) (thickness 0.15)))
    )
    (fp_line (start -1 0.6) (end -1 -0.6) (layer F.Fab) (width 0.1))
    (fp_line (start -1 -0.6) (end 1 -0.6) (layer F.Fab) (width 0.1))
    (fp_line (start 1 -0.6) (end 1 0.6) (layer F.Fab) (width 0.1))
    (fp_line (start 1 0.6) (end -1 0.6) (layer F.Fab) (width 0.1))
    (fp_line (start -0.258578 -0.71) (end 0.258578 -0.71) (layer F.SilkS) (width 0.12))
    (fp_line (start -0.258578 0.71) (end 0.258578 0.71) (layer F.SilkS) (width 0.12))
    (fp_line (start -1.68 0.95) (end -1.68 -0.95) (layer F.CrtYd) (width 0.05))
    (fp_line (start -1.68 -0.95) (end 1.68 -0.95) (layer F.CrtYd) (width 0.05))
    (fp_line (start 1.68 -0.95) (end 1.68 0.95) (layer F.CrtYd) (width 0.05))
    (fp_line (start 1.68 0.95) (end -1.68 0.95) (layer F.CrtYd) (width 0.05))
    (fp_text user %R (at 0 0) (layer F.Fab)
      (effects (font (size 0.5 0.5) (thickness 0.08)))
    )
    (pad 1 smd roundrect (at -0.9375 0) (size 0.975 1.4) (layers F.Cu F.Paste F.Mask) (roundrect_rratio 0.25)
      (net 5 VCC))
    (pad 2 smd roundrect (at 0.9375 0) (size 0.975 1.4) (layers F.Cu F.Paste F.Mask) (roundrect_rratio 0.25)
      (net 4 +5V))
    (model ${KISYS3DMOD}/Capacitor_SMD.3dshapes/C_0805_2012Metric.wrl
      (at (xyz 0 0 0))
      (scale (xyz 1 1 1))
      (rotate (xyz 0 0 0))
    )
  )

  (module Capacitor_SMD:C_0805_2012Metric (layer F.Cu) (tedit 5B36C52B) (tstamp 5F47C423)
    (at 223.396251 143.481251)
    (descr "Capacitor SMD 0805 (2012 Metric), square (rectangular) end terminal, IPC_7351 nominal, (Body size source: https://docs.google.com/spreadsheets/d/1BsfQQcO9C6DZCsRaXUlFlo91Tg2WpOkGARC1WS5S8t0/edit?usp=sharing), generated with kicad-footprint-generator")
    (tags capacitor)
    (path /5F4944C9)
    (attr smd)
    (fp_text reference C7 (at 0 -1.65) (layer F.SilkS)
      (effects (font (size 1 1) (thickness 0.15)))
    )
    (fp_text value 0.1uF (at 0 1.65) (layer F.Fab)
      (effects (font (size 1 1) (thickness 0.15)))
    )
    (fp_text user %R (at 0 0) (layer F.Fab)
      (effects (font (size 0.5 0.5) (thickness 0.08)))
    )
    (fp_line (start 1.68 0.95) (end -1.68 0.95) (layer F.CrtYd) (width 0.05))
    (fp_line (start 1.68 -0.95) (end 1.68 0.95) (layer F.CrtYd) (width 0.05))
    (fp_line (start -1.68 -0.95) (end 1.68 -0.95) (layer F.CrtYd) (width 0.05))
    (fp_line (start -1.68 0.95) (end -1.68 -0.95) (layer F.CrtYd) (width 0.05))
    (fp_line (start -0.258578 0.71) (end 0.258578 0.71) (layer F.SilkS) (width 0.12))
    (fp_line (start -0.258578 -0.71) (end 0.258578 -0.71) (layer F.SilkS) (width 0.12))
    (fp_line (start 1 0.6) (end -1 0.6) (layer F.Fab) (width 0.1))
    (fp_line (start 1 -0.6) (end 1 0.6) (layer F.Fab) (width 0.1))
    (fp_line (start -1 -0.6) (end 1 -0.6) (layer F.Fab) (width 0.1))
    (fp_line (start -1 0.6) (end -1 -0.6) (layer F.Fab) (width 0.1))
    (pad 2 smd roundrect (at 0.9375 0) (size 0.975 1.4) (layers F.Cu F.Paste F.Mask) (roundrect_rratio 0.25)
      (net 4 +5V))
    (pad 1 smd roundrect (at -0.9375 0) (size 0.975 1.4) (layers F.Cu F.Paste F.Mask) (roundrect_rratio 0.25)
      (net 5 VCC))
    (model ${KISYS3DMOD}/Capacitor_SMD.3dshapes/C_0805_2012Metric.wrl
      (at (xyz 0 0 0))
      (scale (xyz 1 1 1))
      (rotate (xyz 0 0 0))
    )
  )

  (module Capacitor_SMD:C_0805_2012Metric (layer F.Cu) (tedit 5B36C52B) (tstamp 5F47C434)
    (at 187.566251 179.281251)
    (descr "Capacitor SMD 0805 (2012 Metric), square (rectangular) end terminal, IPC_7351 nominal, (Body size source: https://docs.google.com/spreadsheets/d/1BsfQQcO9C6DZCsRaXUlFlo91Tg2WpOkGARC1WS5S8t0/edit?usp=sharing), generated with kicad-footprint-generator")
    (tags capacitor)
    (path /5F4B0073)
    (attr smd)
    (fp_text reference C8 (at 0 -1.65) (layer F.SilkS)
      (effects (font (size 1 1) (thickness 0.15)))
    )
    (fp_text value 1uF (at 0 1.65) (layer F.Fab)
      (effects (font (size 1 1) (thickness 0.15)))
    )
    (fp_line (start -1 0.6) (end -1 -0.6) (layer F.Fab) (width 0.1))
    (fp_line (start -1 -0.6) (end 1 -0.6) (layer F.Fab) (width 0.1))
    (fp_line (start 1 -0.6) (end 1 0.6) (layer F.Fab) (width 0.1))
    (fp_line (start 1 0.6) (end -1 0.6) (layer F.Fab) (width 0.1))
    (fp_line (start -0.258578 -0.71) (end 0.258578 -0.71) (layer F.SilkS) (width 0.12))
    (fp_line (start -0.258578 0.71) (end 0.258578 0.71) (layer F.SilkS) (width 0.12))
    (fp_line (start -1.68 0.95) (end -1.68 -0.95) (layer F.CrtYd) (width 0.05))
    (fp_line (start -1.68 -0.95) (end 1.68 -0.95) (layer F.CrtYd) (width 0.05))
    (fp_line (start 1.68 -0.95) (end 1.68 0.95) (layer F.CrtYd) (width 0.05))
    (fp_line (start 1.68 0.95) (end -1.68 0.95) (layer F.CrtYd) (width 0.05))
    (fp_text user %R (at 0 0) (layer F.Fab)
      (effects (font (size 0.5 0.5) (thickness 0.08)))
    )
    (pad 1 smd roundrect (at -0.9375 0) (size 0.975 1.4) (layers F.Cu F.Paste F.Mask) (roundrect_rratio 0.25)
      (net 4 +5V))
    (pad 2 smd roundrect (at 0.9375 0) (size 0.975 1.4) (layers F.Cu F.Paste F.Mask) (roundrect_rratio 0.25)
      (net 6 "Net-(C8-Pad2)"))
    (model ${KISYS3DMOD}/Capacitor_SMD.3dshapes/C_0805_2012Metric.wrl
      (at (xyz 0 0 0))
      (scale (xyz 1 1 1))
      (rotate (xyz 0 0 0))
    )
  )

  (module keyboard_parts:D_SOD123_axial (layer F.Cu) (tedit 561B6A12) (tstamp 5F47C447)
    (at 156.17125 208.156251)
    (path /5F4D808C)
    (attr smd)
    (fp_text reference D1 (at 0 1.925) (layer F.SilkS)
      (effects (font (size 0.8 0.8) (thickness 0.15)))
    )
    (fp_text value D (at 0 -1.925) (layer F.SilkS) hide
      (effects (font (size 0.8 0.8) (thickness 0.15)))
    )
    (fp_line (start 2.8 1.2) (end -3 1.2) (layer F.SilkS) (width 0.2))
    (fp_line (start 2.8 -1.2) (end 2.8 1.2) (layer F.SilkS) (width 0.2))
    (fp_line (start -3 -1.2) (end 2.8 -1.2) (layer F.SilkS) (width 0.2))
    (fp_line (start -2.925 -1.2) (end -2.925 1.2) (layer F.SilkS) (width 0.2))
    (fp_line (start -2.8 -1.2) (end -2.8 1.2) (layer F.SilkS) (width 0.2))
    (fp_line (start -3.025 1.2) (end -3.025 -1.2) (layer F.SilkS) (width 0.2))
    (fp_line (start -2.625 -1.2) (end -2.625 1.2) (layer F.SilkS) (width 0.2))
    (fp_line (start -2.45 -1.2) (end -2.45 1.2) (layer F.SilkS) (width 0.2))
    (fp_line (start -2.275 -1.2) (end -2.275 1.2) (layer F.SilkS) (width 0.2))
    (pad 2 smd rect (at 2.7 0) (size 2.5 0.5) (layers F.Cu)
      (net 7 "Net-(D1-Pad2)") (solder_mask_margin -999))
    (pad 1 smd rect (at -2.7 0) (size 2.5 0.5) (layers F.Cu)
      (net 8 /row0) (solder_mask_margin -999))
    (pad 2 thru_hole circle (at 3.9 0) (size 1.6 1.6) (drill 0.7) (layers *.Cu *.Mask F.SilkS)
      (net 7 "Net-(D1-Pad2)"))
    (pad 1 thru_hole rect (at -3.9 0) (size 1.6 1.6) (drill 0.7) (layers *.Cu *.Mask F.SilkS)
      (net 8 /row0))
    (pad 1 smd rect (at -1.575 0) (size 1.2 1.2) (layers F.Cu F.Paste F.Mask)
      (net 8 /row0))
    (pad 2 smd rect (at 1.575 0) (size 1.2 1.2) (layers F.Cu F.Paste F.Mask)
      (net 7 "Net-(D1-Pad2)"))
  )

  (module keyboard_parts:D_SOD123_axial (layer F.Cu) (tedit 561B6A12) (tstamp 5F47C45A)
    (at 226.39125 137.256251)
    (path /5F4DB2E3)
    (attr smd)
    (fp_text reference D2 (at 0 1.925) (layer F.SilkS)
      (effects (font (size 0.8 0.8) (thickness 0.15)))
    )
    (fp_text value D (at 0 -1.925) (layer F.SilkS) hide
      (effects (font (size 0.8 0.8) (thickness 0.15)))
    )
    (fp_line (start -2.275 -1.2) (end -2.275 1.2) (layer F.SilkS) (width 0.2))
    (fp_line (start -2.45 -1.2) (end -2.45 1.2) (layer F.SilkS) (width 0.2))
    (fp_line (start -2.625 -1.2) (end -2.625 1.2) (layer F.SilkS) (width 0.2))
    (fp_line (start -3.025 1.2) (end -3.025 -1.2) (layer F.SilkS) (width 0.2))
    (fp_line (start -2.8 -1.2) (end -2.8 1.2) (layer F.SilkS) (width 0.2))
    (fp_line (start -2.925 -1.2) (end -2.925 1.2) (layer F.SilkS) (width 0.2))
    (fp_line (start -3 -1.2) (end 2.8 -1.2) (layer F.SilkS) (width 0.2))
    (fp_line (start 2.8 -1.2) (end 2.8 1.2) (layer F.SilkS) (width 0.2))
    (fp_line (start 2.8 1.2) (end -3 1.2) (layer F.SilkS) (width 0.2))
    (pad 2 smd rect (at 1.575 0) (size 1.2 1.2) (layers F.Cu F.Paste F.Mask)
      (net 9 "Net-(D2-Pad2)"))
    (pad 1 smd rect (at -1.575 0) (size 1.2 1.2) (layers F.Cu F.Paste F.Mask)
      (net 8 /row0))
    (pad 1 thru_hole rect (at -3.9 0) (size 1.6 1.6) (drill 0.7) (layers *.Cu *.Mask F.SilkS)
      (net 8 /row0))
    (pad 2 thru_hole circle (at 3.9 0) (size 1.6 1.6) (drill 0.7) (layers *.Cu *.Mask F.SilkS)
      (net 9 "Net-(D2-Pad2)"))
    (pad 1 smd rect (at -2.7 0) (size 2.5 0.5) (layers F.Cu)
      (net 8 /row0) (solder_mask_margin -999))
    (pad 2 smd rect (at 2.7 0) (size 2.5 0.5) (layers F.Cu)
      (net 9 "Net-(D2-Pad2)") (solder_mask_margin -999))
  )

  (module keyboard_parts:D_SOD123_axial (layer F.Cu) (tedit 561B6A12) (tstamp 5F47C46D)
    (at 190.56125 169.456251)
    (path /5F4E7390)
    (attr smd)
    (fp_text reference D3 (at 0 1.925) (layer F.SilkS)
      (effects (font (size 0.8 0.8) (thickness 0.15)))
    )
    (fp_text value D (at 0 -1.925) (layer F.SilkS) hide
      (effects (font (size 0.8 0.8) (thickness 0.15)))
    )
    (fp_line (start 2.8 1.2) (end -3 1.2) (layer F.SilkS) (width 0.2))
    (fp_line (start 2.8 -1.2) (end 2.8 1.2) (layer F.SilkS) (width 0.2))
    (fp_line (start -3 -1.2) (end 2.8 -1.2) (layer F.SilkS) (width 0.2))
    (fp_line (start -2.925 -1.2) (end -2.925 1.2) (layer F.SilkS) (width 0.2))
    (fp_line (start -2.8 -1.2) (end -2.8 1.2) (layer F.SilkS) (width 0.2))
    (fp_line (start -3.025 1.2) (end -3.025 -1.2) (layer F.SilkS) (width 0.2))
    (fp_line (start -2.625 -1.2) (end -2.625 1.2) (layer F.SilkS) (width 0.2))
    (fp_line (start -2.45 -1.2) (end -2.45 1.2) (layer F.SilkS) (width 0.2))
    (fp_line (start -2.275 -1.2) (end -2.275 1.2) (layer F.SilkS) (width 0.2))
    (pad 2 smd rect (at 2.7 0) (size 2.5 0.5) (layers F.Cu)
      (net 10 "Net-(D3-Pad2)") (solder_mask_margin -999))
    (pad 1 smd rect (at -2.7 0) (size 2.5 0.5) (layers F.Cu)
      (net 8 /row0) (solder_mask_margin -999))
    (pad 2 thru_hole circle (at 3.9 0) (size 1.6 1.6) (drill 0.7) (layers *.Cu *.Mask F.SilkS)
      (net 10 "Net-(D3-Pad2)"))
    (pad 1 thru_hole rect (at -3.9 0) (size 1.6 1.6) (drill 0.7) (layers *.Cu *.Mask F.SilkS)
      (net 8 /row0))
    (pad 1 smd rect (at -1.575 0) (size 1.2 1.2) (layers F.Cu F.Paste F.Mask)
      (net 8 /row0))
    (pad 2 smd rect (at 1.575 0) (size 1.2 1.2) (layers F.Cu F.Paste F.Mask)
      (net 10 "Net-(D3-Pad2)"))
  )

  (module keyboard_parts:D_SOD123_axial (layer F.Cu) (tedit 561B6A12) (tstamp 5F47C480)
    (at 196.05125 165.856251)
    (path /5F4FB000)
    (attr smd)
    (fp_text reference D4 (at 0 1.925) (layer F.SilkS)
      (effects (font (size 0.8 0.8) (thickness 0.15)))
    )
    (fp_text value D (at 0 -1.925) (layer F.SilkS) hide
      (effects (font (size 0.8 0.8) (thickness 0.15)))
    )
    (fp_line (start -2.275 -1.2) (end -2.275 1.2) (layer F.SilkS) (width 0.2))
    (fp_line (start -2.45 -1.2) (end -2.45 1.2) (layer F.SilkS) (width 0.2))
    (fp_line (start -2.625 -1.2) (end -2.625 1.2) (layer F.SilkS) (width 0.2))
    (fp_line (start -3.025 1.2) (end -3.025 -1.2) (layer F.SilkS) (width 0.2))
    (fp_line (start -2.8 -1.2) (end -2.8 1.2) (layer F.SilkS) (width 0.2))
    (fp_line (start -2.925 -1.2) (end -2.925 1.2) (layer F.SilkS) (width 0.2))
    (fp_line (start -3 -1.2) (end 2.8 -1.2) (layer F.SilkS) (width 0.2))
    (fp_line (start 2.8 -1.2) (end 2.8 1.2) (layer F.SilkS) (width 0.2))
    (fp_line (start 2.8 1.2) (end -3 1.2) (layer F.SilkS) (width 0.2))
    (pad 2 smd rect (at 1.575 0) (size 1.2 1.2) (layers F.Cu F.Paste F.Mask)
      (net 11 "Net-(D4-Pad2)"))
    (pad 1 smd rect (at -1.575 0) (size 1.2 1.2) (layers F.Cu F.Paste F.Mask)
      (net 8 /row0))
    (pad 1 thru_hole rect (at -3.9 0) (size 1.6 1.6) (drill 0.7) (layers *.Cu *.Mask F.SilkS)
      (net 8 /row0))
    (pad 2 thru_hole circle (at 3.9 0) (size 1.6 1.6) (drill 0.7) (layers *.Cu *.Mask F.SilkS)
      (net 11 "Net-(D4-Pad2)"))
    (pad 1 smd rect (at -2.7 0) (size 2.5 0.5) (layers F.Cu)
      (net 8 /row0) (solder_mask_margin -999))
    (pad 2 smd rect (at 2.7 0) (size 2.5 0.5) (layers F.Cu)
      (net 11 "Net-(D4-Pad2)") (solder_mask_margin -999))
  )

  (module keyboard_parts:D_SOD123_axial (layer F.Cu) (tedit 561B6A12) (tstamp 5F47C493)
    (at 145.77125 211.756251)
    (path /5F4F6A6D)
    (attr smd)
    (fp_text reference D5 (at 0 1.925) (layer F.SilkS)
      (effects (font (size 0.8 0.8) (thickness 0.15)))
    )
    (fp_text value D (at 0 -1.925) (layer F.SilkS) hide
      (effects (font (size 0.8 0.8) (thickness 0.15)))
    )
    (fp_line (start -2.275 -1.2) (end -2.275 1.2) (layer F.SilkS) (width 0.2))
    (fp_line (start -2.45 -1.2) (end -2.45 1.2) (layer F.SilkS) (width 0.2))
    (fp_line (start -2.625 -1.2) (end -2.625 1.2) (layer F.SilkS) (width 0.2))
    (fp_line (start -3.025 1.2) (end -3.025 -1.2) (layer F.SilkS) (width 0.2))
    (fp_line (start -2.8 -1.2) (end -2.8 1.2) (layer F.SilkS) (width 0.2))
    (fp_line (start -2.925 -1.2) (end -2.925 1.2) (layer F.SilkS) (width 0.2))
    (fp_line (start -3 -1.2) (end 2.8 -1.2) (layer F.SilkS) (width 0.2))
    (fp_line (start 2.8 -1.2) (end 2.8 1.2) (layer F.SilkS) (width 0.2))
    (fp_line (start 2.8 1.2) (end -3 1.2) (layer F.SilkS) (width 0.2))
    (pad 2 smd rect (at 1.575 0) (size 1.2 1.2) (layers F.Cu F.Paste F.Mask)
      (net 12 "Net-(D5-Pad2)"))
    (pad 1 smd rect (at -1.575 0) (size 1.2 1.2) (layers F.Cu F.Paste F.Mask)
      (net 8 /row0))
    (pad 1 thru_hole rect (at -3.9 0) (size 1.6 1.6) (drill 0.7) (layers *.Cu *.Mask F.SilkS)
      (net 8 /row0))
    (pad 2 thru_hole circle (at 3.9 0) (size 1.6 1.6) (drill 0.7) (layers *.Cu *.Mask F.SilkS)
      (net 12 "Net-(D5-Pad2)"))
    (pad 1 smd rect (at -2.7 0) (size 2.5 0.5) (layers F.Cu)
      (net 8 /row0) (solder_mask_margin -999))
    (pad 2 smd rect (at 2.7 0) (size 2.5 0.5) (layers F.Cu)
      (net 12 "Net-(D5-Pad2)") (solder_mask_margin -999))
  )

  (module keyboard_parts:D_SOD123_axial (layer F.Cu) (tedit 561B6A12) (tstamp 5F47C4A6)
    (at 180.16125 180.256251)
    (path /5F4FFC45)
    (attr smd)
    (fp_text reference D6 (at 0 1.925) (layer F.SilkS)
      (effects (font (size 0.8 0.8) (thickness 0.15)))
    )
    (fp_text value D (at 0 -1.925) (layer F.SilkS) hide
      (effects (font (size 0.8 0.8) (thickness 0.15)))
    )
    (fp_line (start 2.8 1.2) (end -3 1.2) (layer F.SilkS) (width 0.2))
    (fp_line (start 2.8 -1.2) (end 2.8 1.2) (layer F.SilkS) (width 0.2))
    (fp_line (start -3 -1.2) (end 2.8 -1.2) (layer F.SilkS) (width 0.2))
    (fp_line (start -2.925 -1.2) (end -2.925 1.2) (layer F.SilkS) (width 0.2))
    (fp_line (start -2.8 -1.2) (end -2.8 1.2) (layer F.SilkS) (width 0.2))
    (fp_line (start -3.025 1.2) (end -3.025 -1.2) (layer F.SilkS) (width 0.2))
    (fp_line (start -2.625 -1.2) (end -2.625 1.2) (layer F.SilkS) (width 0.2))
    (fp_line (start -2.45 -1.2) (end -2.45 1.2) (layer F.SilkS) (width 0.2))
    (fp_line (start -2.275 -1.2) (end -2.275 1.2) (layer F.SilkS) (width 0.2))
    (pad 2 smd rect (at 2.7 0) (size 2.5 0.5) (layers F.Cu)
      (net 13 "Net-(D6-Pad2)") (solder_mask_margin -999))
    (pad 1 smd rect (at -2.7 0) (size 2.5 0.5) (layers F.Cu)
      (net 8 /row0) (solder_mask_margin -999))
    (pad 2 thru_hole circle (at 3.9 0) (size 1.6 1.6) (drill 0.7) (layers *.Cu *.Mask F.SilkS)
      (net 13 "Net-(D6-Pad2)"))
    (pad 1 thru_hole rect (at -3.9 0) (size 1.6 1.6) (drill 0.7) (layers *.Cu *.Mask F.SilkS)
      (net 8 /row0))
    (pad 1 smd rect (at -1.575 0) (size 1.2 1.2) (layers F.Cu F.Paste F.Mask)
      (net 8 /row0))
    (pad 2 smd rect (at 1.575 0) (size 1.2 1.2) (layers F.Cu F.Paste F.Mask)
      (net 13 "Net-(D6-Pad2)"))
  )

  (module keyboard_parts:D_SOD123_axial (layer F.Cu) (tedit 561B6A12) (tstamp 5F47C4B9)
    (at 215.99125 148.056251)
    (path /5F50974F)
    (attr smd)
    (fp_text reference D7 (at 0 1.925) (layer F.SilkS)
      (effects (font (size 0.8 0.8) (thickness 0.15)))
    )
    (fp_text value D (at 0 -1.925) (layer F.SilkS) hide
      (effects (font (size 0.8 0.8) (thickness 0.15)))
    )
    (fp_line (start -2.275 -1.2) (end -2.275 1.2) (layer F.SilkS) (width 0.2))
    (fp_line (start -2.45 -1.2) (end -2.45 1.2) (layer F.SilkS) (width 0.2))
    (fp_line (start -2.625 -1.2) (end -2.625 1.2) (layer F.SilkS) (width 0.2))
    (fp_line (start -3.025 1.2) (end -3.025 -1.2) (layer F.SilkS) (width 0.2))
    (fp_line (start -2.8 -1.2) (end -2.8 1.2) (layer F.SilkS) (width 0.2))
    (fp_line (start -2.925 -1.2) (end -2.925 1.2) (layer F.SilkS) (width 0.2))
    (fp_line (start -3 -1.2) (end 2.8 -1.2) (layer F.SilkS) (width 0.2))
    (fp_line (start 2.8 -1.2) (end 2.8 1.2) (layer F.SilkS) (width 0.2))
    (fp_line (start 2.8 1.2) (end -3 1.2) (layer F.SilkS) (width 0.2))
    (pad 2 smd rect (at 1.575 0) (size 1.2 1.2) (layers F.Cu F.Paste F.Mask)
      (net 14 "Net-(D7-Pad2)"))
    (pad 1 smd rect (at -1.575 0) (size 1.2 1.2) (layers F.Cu F.Paste F.Mask)
      (net 8 /row0))
    (pad 1 thru_hole rect (at -3.9 0) (size 1.6 1.6) (drill 0.7) (layers *.Cu *.Mask F.SilkS)
      (net 8 /row0))
    (pad 2 thru_hole circle (at 3.9 0) (size 1.6 1.6) (drill 0.7) (layers *.Cu *.Mask F.SilkS)
      (net 14 "Net-(D7-Pad2)"))
    (pad 1 smd rect (at -2.7 0) (size 2.5 0.5) (layers F.Cu)
      (net 8 /row0) (solder_mask_margin -999))
    (pad 2 smd rect (at 2.7 0) (size 2.5 0.5) (layers F.Cu)
      (net 14 "Net-(D7-Pad2)") (solder_mask_margin -999))
  )

  (module keyboard_parts:D_SOD123_axial (layer F.Cu) (tedit 561B6A12) (tstamp 5F47C4CC)
    (at 165.71125 193.526251)
    (path /5F509772)
    (attr smd)
    (fp_text reference D8 (at 0 1.925) (layer F.SilkS)
      (effects (font (size 0.8 0.8) (thickness 0.15)))
    )
    (fp_text value D (at 0 -1.925) (layer F.SilkS) hide
      (effects (font (size 0.8 0.8) (thickness 0.15)))
    )
    (fp_line (start 2.8 1.2) (end -3 1.2) (layer F.SilkS) (width 0.2))
    (fp_line (start 2.8 -1.2) (end 2.8 1.2) (layer F.SilkS) (width 0.2))
    (fp_line (start -3 -1.2) (end 2.8 -1.2) (layer F.SilkS) (width 0.2))
    (fp_line (start -2.925 -1.2) (end -2.925 1.2) (layer F.SilkS) (width 0.2))
    (fp_line (start -2.8 -1.2) (end -2.8 1.2) (layer F.SilkS) (width 0.2))
    (fp_line (start -3.025 1.2) (end -3.025 -1.2) (layer F.SilkS) (width 0.2))
    (fp_line (start -2.625 -1.2) (end -2.625 1.2) (layer F.SilkS) (width 0.2))
    (fp_line (start -2.45 -1.2) (end -2.45 1.2) (layer F.SilkS) (width 0.2))
    (fp_line (start -2.275 -1.2) (end -2.275 1.2) (layer F.SilkS) (width 0.2))
    (pad 2 smd rect (at 2.7 0) (size 2.5 0.5) (layers F.Cu)
      (net 15 "Net-(D8-Pad2)") (solder_mask_margin -999))
    (pad 1 smd rect (at -2.7 0) (size 2.5 0.5) (layers F.Cu)
      (net 8 /row0) (solder_mask_margin -999))
    (pad 2 thru_hole circle (at 3.9 0) (size 1.6 1.6) (drill 0.7) (layers *.Cu *.Mask F.SilkS)
      (net 15 "Net-(D8-Pad2)"))
    (pad 1 thru_hole rect (at -3.9 0) (size 1.6 1.6) (drill 0.7) (layers *.Cu *.Mask F.SilkS)
      (net 8 /row0))
    (pad 1 smd rect (at -1.575 0) (size 1.2 1.2) (layers F.Cu F.Paste F.Mask)
      (net 8 /row0))
    (pad 2 smd rect (at 1.575 0) (size 1.2 1.2) (layers F.Cu F.Paste F.Mask)
      (net 15 "Net-(D8-Pad2)"))
  )

  (module keyboard_parts:D_SOD123_axial (layer F.Cu) (tedit 561B6A12) (tstamp 5F47C4DF)
    (at 206.45125 155.256251)
    (path /5F509762)
    (attr smd)
    (fp_text reference D9 (at 0 1.925) (layer F.SilkS)
      (effects (font (size 0.8 0.8) (thickness 0.15)))
    )
    (fp_text value D (at 0 -1.925) (layer F.SilkS) hide
      (effects (font (size 0.8 0.8) (thickness 0.15)))
    )
    (fp_line (start -2.275 -1.2) (end -2.275 1.2) (layer F.SilkS) (width 0.2))
    (fp_line (start -2.45 -1.2) (end -2.45 1.2) (layer F.SilkS) (width 0.2))
    (fp_line (start -2.625 -1.2) (end -2.625 1.2) (layer F.SilkS) (width 0.2))
    (fp_line (start -3.025 1.2) (end -3.025 -1.2) (layer F.SilkS) (width 0.2))
    (fp_line (start -2.8 -1.2) (end -2.8 1.2) (layer F.SilkS) (width 0.2))
    (fp_line (start -2.925 -1.2) (end -2.925 1.2) (layer F.SilkS) (width 0.2))
    (fp_line (start -3 -1.2) (end 2.8 -1.2) (layer F.SilkS) (width 0.2))
    (fp_line (start 2.8 -1.2) (end 2.8 1.2) (layer F.SilkS) (width 0.2))
    (fp_line (start 2.8 1.2) (end -3 1.2) (layer F.SilkS) (width 0.2))
    (pad 2 smd rect (at 1.575 0) (size 1.2 1.2) (layers F.Cu F.Paste F.Mask)
      (net 16 "Net-(D9-Pad2)"))
    (pad 1 smd rect (at -1.575 0) (size 1.2 1.2) (layers F.Cu F.Paste F.Mask)
      (net 8 /row0))
    (pad 1 thru_hole rect (at -3.9 0) (size 1.6 1.6) (drill 0.7) (layers *.Cu *.Mask F.SilkS)
      (net 8 /row0))
    (pad 2 thru_hole circle (at 3.9 0) (size 1.6 1.6) (drill 0.7) (layers *.Cu *.Mask F.SilkS)
      (net 16 "Net-(D9-Pad2)"))
    (pad 1 smd rect (at -2.7 0) (size 2.5 0.5) (layers F.Cu)
      (net 8 /row0) (solder_mask_margin -999))
    (pad 2 smd rect (at 2.7 0) (size 2.5 0.5) (layers F.Cu)
      (net 16 "Net-(D9-Pad2)") (solder_mask_margin -999))
  )

  (module keyboard_parts:D_SOD123_axial (layer F.Cu) (tedit 561B6A12) (tstamp 5F47C4F2)
    (at 215.99125 144.456251)
    (path /5F50977D)
    (attr smd)
    (fp_text reference D10 (at 0 1.925) (layer F.SilkS)
      (effects (font (size 0.8 0.8) (thickness 0.15)))
    )
    (fp_text value D (at 0 -1.925) (layer F.SilkS) hide
      (effects (font (size 0.8 0.8) (thickness 0.15)))
    )
    (fp_line (start -2.275 -1.2) (end -2.275 1.2) (layer F.SilkS) (width 0.2))
    (fp_line (start -2.45 -1.2) (end -2.45 1.2) (layer F.SilkS) (width 0.2))
    (fp_line (start -2.625 -1.2) (end -2.625 1.2) (layer F.SilkS) (width 0.2))
    (fp_line (start -3.025 1.2) (end -3.025 -1.2) (layer F.SilkS) (width 0.2))
    (fp_line (start -2.8 -1.2) (end -2.8 1.2) (layer F.SilkS) (width 0.2))
    (fp_line (start -2.925 -1.2) (end -2.925 1.2) (layer F.SilkS) (width 0.2))
    (fp_line (start -3 -1.2) (end 2.8 -1.2) (layer F.SilkS) (width 0.2))
    (fp_line (start 2.8 -1.2) (end 2.8 1.2) (layer F.SilkS) (width 0.2))
    (fp_line (start 2.8 1.2) (end -3 1.2) (layer F.SilkS) (width 0.2))
    (pad 2 smd rect (at 1.575 0) (size 1.2 1.2) (layers F.Cu F.Paste F.Mask)
      (net 17 "Net-(D10-Pad2)"))
